%YAML:1.0
frontpanoramic_to_vehicle_rt: !!opencv-matrix
   rows: 4
   cols: 4
   dt: d
   data: [-0.0139776, -0.572045, 0.820103, 3.6856,
          -0.999884, 0.00303246, -0.0149265, 0.0,
          0.00605173, -0.820217, -0.572021, 0.709434,
          0, 0, 0, 1]
