%YAML:1.0
leftm1_to_vehicle_rt: !!opencv-matrix
   rows: 4
   cols: 4
   dt: d
   data: [0.712417, -0.701335, 0.0243099, 3.54, 0.701339, 0.712761, 0.00978356, 0.6175, -0.0241887, 0.0100795, 0.999657, 0.7125, 0, 0, 0, 1]

