%YAML:1.0
rightm1_to_vehicle_rt: !!opencv-matrix
   rows: 4
   cols: 4
   dt: d
   data: [0.700586, 0.713561, -0.0031362, 3.54, -0.713293, 0.700432, 0.0246642, -0.6175, 0.0197961, -0.0150424, 0.999691, 0.7125, 0, 0, 0, 1]

