%YAML:1.0
radar_to_vehicle: !!opencv-matrix
   rows: 4
   cols: 4
   dt: d
   data: [0.007533745,  -0.9999714,  -0.000616602, -0.004069766,
         0.01480249, 0.0007280733, -0.9998902, -0.07631618,
        0.9998621, 0.00752379, 0.01480755, -0.2717806,
        0, 0, 0, 1]