%YAML:1.0
front110_to_vehicle_rt: !!opencv-matrix
   rows: 4
   cols: 4
   dt: d
   data: [0.00655169, 0.00223762, 0.999976, 1.97669,
         -0.9999770, -0.00144824, 0.00655494, -0.0322,
        0.00146287, -0.999996, 0.00222808, 1.37285,
        0, 0, 0, 1]
