%YAML:1.0
leftm1_to_vehicle_rt: !!opencv-matrix
   rows: 4
   cols: 4
   dt: d
   data: [0.6665428, -0.7423685, -0.06789090, 3.5381649,
         0.74545609, 0.66423670, 0.055528160, 0.6265385,
         0.00387333, -0.0876215, 0.996145760, 0.6890458,
         0, 0, 0, 1]
