%YAML:1.0
rightm1_to_vehicle_rt: !!opencv-matrix
   rows: 4
   cols: 4
   dt: d
   data: [0.6827523, 0.73058485, -0.00976392, 3.5466755,
         -0.7297169, 0.68249471, 0.041384993, -0.672419,
         0.03689905, -0.0211308, 0.999095318, 0.6909461,
         0, 0, 0, 1]
